Home:

Cartesian: 180.10 0.00 0.01 0.00 Polar: 0.00 19.99 59.66 0.00
Full dobot message:
170 170 34 10 0 129 25 52 67 25 138 27 56 0 64 188 59 238 237 69 55 238 237 69 55 68 226 159 65 145 161 110 66 0 0 0 0 34

Pos A:

Cartesian: -28.50 -228.97 -43.61 -97.09 Polar: -97.09 49.95 62.58 0.00
Full dobot message:
170 170 34 10 0 209 247 227 193 180 248 100 195 198 111 46 194 47 48 194 194 47 48 194 194 150 201 71 66 144 78 122 66 0 0 0 0 74

NewPos
170 170 34 10 0 157 164 49 67 130 245 18 195 152 224 47 194 99 102 30 194 99 102 30 194 242 49 72 66 171 231 122 66 0 0 0 0 63

Pos B:

Cartesian: 90.56 -204.58 -47.61 -66.12 Polar: -66.12 50.19 65.77 0.00
Full dobot message:
170 170 34 10 0 23 30 181 66 144 149 76 195 22 117 62 194 62 63 132 194 62 63 132 194 53 193 72 66 5 138 131 66 0 0 0 0 177

Pos C:

Cartesian: 180.05 -141.54 -43.48 -38.17 Polar: -38.17 49.56 63.07 0.00
Full dobot message:
170 170 33 10 0 221 13 52 67 252 137 13 195 10 239 45 194 172 174 24 194 172 174 24 194 200 58 70 66 185 68 124 66 0 0 0 0 171

Pos Del1:

Cartesian: 233.33 10.14 -49.83 2.49 Polar: 2.49 52.90 63.25 0.00
Full dobot message:
170 170 34 10 0 111 84 105 67 45 59 34 65 150 86 71 194 113 63 31 64 113 63 31 64 212 155 83 66 36 252 124 66 0 0 0 0 199

Pos Del2:

Cartesian: 225.65 6.15 -19.70 1.56 Polar: 1.56 39.74 57.16 0.00
Full dobot message:
170 170 34 10 0 86 165 97 67 232 222 196 64 92 155 157 193 75 232 199 63 75 232 199 63 6 248 30 66 204 162 100 66 0 0 0 0 84

Pos Del3:

Cartesian: 228.07 6.01 2.36 1.51 Polar: 1.51 32.53 49.31 0.00
Full dobot message:
170 170 34 10 0 45 18 100 67 250 60 192 64 192 221 22 64 132 33 193 63 132 33 193 63 129 35 2 66 222 57 69 66 0 0 0 0 23


Pos Rest:

Full dobot message:
170 170 34 10 0 27 122 86 67 248 243 183 64 6 56 83 66 231 132 196 63 231 132 196 63 217 31 82 65 99 105 1 66 0 0 0 0 157
